1b 1b 1b 1b
01 01 01 01 

76 
07 00 0b 17 9d 87 3f 
62 00 
62 00 

72 63 01 01 

76 
01 
01 07 00 0b 0d 54 2d 15 0b 09 01 
45 4d 48 00 00 44 80 5c 01 01 63 fd 37 00 76 07 00 0b 17 9d 87 40 62 00 62 00 72 63 07 01 77 01 0b 09 01 45 4d 48 00 00 44 80 5c 07 01 00 62 0a ff ff 72 62 01 65 0d 54 3d fb 77 77 07 81 81 c7 82 03 ff 01 01 01 01 04 45 4d 48 01 77 07 01 00 00 00 09 ff 01 01 01 01 0b 09 01 45 4d 48 00 00 44 80 5c 01 77 07 01 00 01 08 00 ff 64 00 01 82 01 62 1e 52 ff 56 00 11 19 42 8e 01 77 07 01 00 01 08 01 ff 01 01 62 1e 52 ff 56 00 11 19 42 8e 01 77 07 01 00 01 08 02 ff 01 01 62 1e 52 ff 56 00 00 00 00 00 01 77 07 01 00 10 07 00 ff 01 01 62 1b 52 ff 55 00 00 1c 6a 01 77 07 81 81 c7 82 05 ff 01 72 62 01 65 0d 54 3d fb 01 01 83 02 2e 66 b6 f5 00 48 ee e1 da 68 37 52 f4 ee 4d 35 06 b6 a9 92 89 de cb 9e 2e ae 71 1e 42 14 18 f3 60 7d 92 c1 2d 6b d7 d9 3f 8d ff ee 3b 2d a3 57 01 01 01 63 dd fe 00 76 07 00 0b 17 9d 87 43 62 00 62 00 72 63 02 01 71 01 63 c7 8c 00 00 00 00 1b 1b 1b 1b 1a 03 97 5c 